BEN,TIME,NODE
0.0,132.0,1.0
8.3,75.0,2.0
20.0,47.0,2.0
0.0,23.0,1.0
4.5,79.0,2.0
0.0,33.0,1.0
0.0,33.0,1.0
0.0,27.0,1.0
9.6,52.0,2.0
14.7,43.0,2.0
0.0,20.0,1.0
11.2,41.0,2.0
0.0,21.0,1.0
17.7,45.0,2.0
0.0,21.0,1.0
0.0,25.0,1.0
0.0,20.0,1.0
0.0,19.0,1.0
25.8,59.0,2.0
9.4,56.0,2.0
0.0,22.0,1.0
5.4,48.0,2.0
5.8,55.0,2.0
0.0,22.0,1.0
1.2,59.0,2.0
4.2,43.0,2.0
14.3,43.0,2.0
0.0,20.0,1.0
0.0,20.0,1.0
0.0,19.0,1.0
8.4,38.0,2.0
4.6,39.0,2.0
0.0,29.0,1.0
0.0,19.0,1.0
0.0,19.0,1.0
0.0,19.0,1.0
16.4,40.0,2.0
0.0,19.0,1.0
0.0,20.0,1.0
7.4,49.0,2.0
23.8,46.0,2.0
0.0,21.0,1.0
10.4,39.0,2.0
0.0,19.0,1.0
1.8,41.0,2.0
0.0,19.0,1.0
0.0,20.0,1.0
5.1,47.0,2.0
0.0,24.0,1.0
0.0,20.0,1.0
5.2,40.0,2.0
0.0,19.0,1.0
0.0,23.0,1.0
13.7,46.0,2.0
9.0,46.0,2.0
0.0,22.0,1.0
0.0,21.0,1.0
10.8,45.0,2.0
12.4,44.0,2.0
4.2,47.0,2.0
0.0,23.0,1.0
0.0,24.0,1.0
0.0,23.0,1.0
0.0,24.0,1.0
0.0,22.0,1.0
30.5,69.0,3.0
0.0,24.0,1.0
0.0,25.0,1.0
2.2,49.0,2.0
11.6,51.0,2.0
0.0,23.0,1.0
4.1,51.0,2.0
0.0,25.0,1.0
14.6,52.0,2.0
10.2,56.0,2.0
0.0,24.0,1.0
0.0,18.0,1.0
6.2,39.0,2.0
22.2,40.0,2.0
2.0,40.0,2.0
4.6,39.0,2.0
0.0,19.0,1.0
0.0,19.0,1.0
14.2,38.0,2.0
20.4,40.0,2.0
4.6,41.0,2.0
20.1,44.0,2.0
0.0,20.0,1.0
13.2,37.0,2.0
19.8,39.0,2.0
13.8,40.0,2.0
4.5,39.0,2.0
0.0,20.0,1.0
0.0,19.0,1.0
0.0,19.0,1.0
0.0,19.0,1.0
0.0,19.0,1.0
3.0,37.0,2.0
8.2,39.0,2.0
0.0,19.0,1.0
